38000157905
780993417787
20735110072
77948007002
74714086643
870001000039
79893406527
851125002475
10038034584170
7203672069
13800557292
72250011907
43454400101
15100000072
67312002962
43695071115
75450199529
630003792253
51933053663
41390020308
84253294621
818512017009
850171005010
77890396810
13800446992
26400407768
757645000215
70640013869
8662531
71117130027
72080100116
70900501686
75450125290
76406061303
70200581593
41743582088
722252600448
492180200736
9542015640
14500017215
74880070200
855048002048
856435001804
21130119370
75450001587
15900235353
70784239729
24000577331
71448500056
780961000645
28435398967
41483003225
13800446732
70784112664
29000020559
30000562482
15800030850
51943388021
854285008042
719283140210
41303010679
713733221207
70200540637
76397035505
687652169004
99482451387
9300000161
37600493307
41415199910
70404000227
70640007653
70784017044
75450126884
41278102355
36632019110
647671120035
719283517272
70640013333
78742352015
665291007802
85239023013
29000020450
26542084223
2100007714
71117130089
41501100288
851145004008
811663021666
99482442965
21130308989
29000016088
28000178253
93966005684
41190031214
79893106519
4184536
73491530004
46100341193
54347110014
856072004428
75450085860
645230055767
76406022304
72457220447
99482438937
890000001141
654954202296
41900080167
8480000225115
71072003121
708615110311
877448002411
18894461616
76397035604
73731084335
36200378168
13409000045
39000015677
748162622141
31200037190
70600002209
70200200180
707178105413
708971925567
696859646889
605388187284
75450008098
26400404934
11156054502
41780003386
41483041388
70847009108
854993004183
78858525020
46100020029
72609741837
77661113998
612820550032
21130336746
36800351141
29700021214
41130310799
71771015104
77661048139
70560969024
8410748131010
41303025680
75450126204
75450136906
41303026137
75900004502
99482430061
24000524441
77661111567
41508511827
188314000623
41318301250
41380233152
23923330122
70038309819
85239948729
38900004071
41716200117
70784197005
715432002491
72036706348
857443002005
44276012190
54300009577
70784057385
36800056114
72030000657
90736490005517
606995001420
73575299438
80001218
73171027190
85676900653
72250065405
38708950068
75450098112
660726525340
855987003267
89156801143
42222134057
36632036032
70784003450
872181000649
41318020397
85239504208
4300000063
75450036992
770981031200
731149350953
886002506524
36632011114
41331039178
51651193825
10038034653005
891627002085
16741911123
78742061306
41318010770
852945006025
41390013140
70411126118
39153414907
41318021080
42400218166
5605173300015
70200010673
8480000650672
37323114770
71846922436
70784209784
815116010399
829944145949
36800938441
30900180090
11110815125
36800369078
74780333566
11110788160
36192122596
1871930
795404138083
716221051591
40000498018
856308000668
79900001615
41415110366
27700679053
46100400760
36800167483
8888010101762
53800303215
71505012416
41250946823
29000020917
38361403109
21130465286
75365060259
13800666901
73170127976
79893404813
76737900401
45255117509
75355113613
30223049920
72058610777
12842410015
708820620322
41262283343
14500002563
780993727886
31200201676
41129020678
70650800138
11110903631
41303052952
25317692007
99482439125
48400002279
4602372047995
803810240020
762357044112
99482436568
5051379097080
30700751063
812907014604
99482450526
14100098676
36800051898
2100005242
877245503371
15100001659
72450043203
24094070916
78004101009
93966005295
71592007791
7265540545
628520225132
75450125818
32394252376
815298020049
856504003128
75450102291
29519229832
2100005293
770981051987
15900064175
99482454265
789785500027
40697680031
11156059262
643130101164
72981005237
634660315008
11150991124
21130294237
81363004362
41570109977
54100014306
28348001947
190912100209
602101385101
31200370075
30567339534
761359840937
75700050105
85239388655
55653111054
70022007059
73575800047
52100071435
14321620854
75355112852
7298840
76397036700
21130984497
780993911551
845777009159
41716875506
29000018761
41780013743
70505309007
2100008063
46675000204
71475010993
72080043505
29000078628
77661147290
856688004218
21130083015
41318010350
71429026681
78929150571
899039002082
14500014108
41790221060
73510002697
43192702628
7203671345
34856120407
75450123296
73416003026
780993070807
745998903345
25293002807
856452004895
74641009494
52000026252
681131130479
78742033433
9300003537
87709080991
72273031012
818290014689
78742082974
41152421404
70133006995
2100007697
878326000116
75450169522
71202163107
99482448042
891499001247
71315008913
15800038733
27815001657
24000507857
758300033500
77890397008
72392323234
99482437848
856014002024
2100064605
853595002597
768395487676
7265500129
852095004049
713733498838
72030002378
25317006941
77567254382
854171004301
27331023317
857602004192
75450094053
818512017511
41387116274
34700434100
72250003872
10038034613702
733147100790
79893116105
705599011627
11110913456
30034083533
760263000918
747599319464
75450041538
41318301502
72730006201
71314102001
75450096545
85239023921
768395481889
25317122009
857468003148
99482417055
71314038768
70600054680
50000322909
73230001444
41000051524
856820000856
40822011341
818512017245
21500202053
75450150605
781138704168
859815002019
70038644088
34500448062
35266004653
66086080206
40697740599
858201005115
21130506095
75450037104
1356211824
689544081104
41390024320
39153110489
760236751359
85239001301
708820505254
817169013594
10038034610879
4300000588
72457220331
15100001321
70480009015
85239388693
75450037029
829354100682
71140552407
75450135961
83933213389
852909003503
99482446789
30034073701
79893336817
27000612323
25317586009
58500000648
780993524539
76829024596
36192122961
41318210460
74641016355
31200011879
42222269063
99482455699
15900176694
44400153607
72273490925
39153100145
72250010719
123123123
75900005233
13800171320
606274325728
660726525333
74683097015
75450151886
75450037012
8346740505
81093403023
73170118011
852909003688
90736490007450
17400118204
11110886446
70640013906
861509000133
873668000701
41735081346
70038640721
36800379350
41130382802
41390017001
31290096787
77567659668
852909003305
9300100120
855206005010
30034084219
27500095411
4136503
75912043155
2100005509
75076100015
35826077219
75450150643
856069005131
722430190167
77567555496
21333992442
41318210576
30034085483
36800565166
13971040012
40697700210
77890343739
737628010257
41387007046
724923451007
89575705558
76200000089
767778001102
99482454722
794376102139
73390014124
41200034143
70281001348
71314002578
49387300334
762111853998
85239406700
891770002123
855140002656
75450151855
47502481470
15839007953
856069005032
3274080005003
634680143780
70925008146
90478216270
26400298625
681131916820
80001157
8663132
78742430539
31711000256
73402345109
31142001839
851748005082
70844001020
84253240017
24300044908
27331023355
9300003346
78742371481
21500047036
41000007538
41415016361
75450106978
44984348123
85000463989
76606720970
71448127109
73170320322
72180639790
853305003241
71448300595
12599127082
73369060510
854285001500
77400226330
39153110076
99482446925
11110788283
31200025326
70152300082
41318300006
70970546686
41483025258
41116022500
11110804907
11156050054
815473015013
24000167136
52100900001
50000446902
13971040005
854259005244
42400016922
638102660398
609788750659
41303054284
21130287666
713689000017
89087671549
41188046510
11110784070
5284117
762111009371
2100061648
72392323210
99482437862
85239052204
72180632470
41152423576
70038316787
815421011302
24600010856
24000031727
73491301000
41318020380
73711800214
3927783004056
722515914138
71429099852
75450036763
81093403021
99482435653
890000001127
70110054651
25317006934
4141408
54783831085
70200530140
99482460778
742365264979
88194340034
35493014661
18053192962
73575800054
41321078125
41420112737
77449503775
26542084261
70200550520
30034007669
41130342950
79893710235
854285000862
36800614925
7265500093
99482456023
30800155006
41390000829
31711000263
4300000658
34700440187
76397001104
75450084993
15400872751
31200029997
31290106196
38900006099
28700111482
41460202801
75669109913
90736490106818
1356211492
41129020449
886002506531
9300000482
722252102409
722252600455
44000053093
15900235360
11110531674
70012210285
99555158687
41000208256
642782465419
71314069274
41449450148
71242091224
38900030988
742365606205
75450093339
72470000323
41000398711
54347324022
2100064273
30800519006
72180733672
66086080220
76958620256
51900019050
85000463909
810347008054
75450083965
99482452629
810347010224
38000509124
75450026917
21130982790
786162003812
41415083363
99482443825
695119110100
71018010183
708971927776
720495990104
41318270105
854959005070
16571950293
31711000508
856504003043
2100005440
41318021219
36800209121
70200540125
70784024820
74401701415
737628005109
894773001346
41501800010
720495121768
852443001041
41318300369
70157882705
74323095258
71656002540
678523038611
30223007074
15100001635
891770002024
42272010578
99482455743
75355115457
80062040015
24000523642
713757258227
36200269640
85239186022
39073075028
30900180076
7342549
73570130330
41000219757
28189204668
11110856531
18894004028
70575040091
50455128019
70784209708
61500122210
41190016532
41508934701
41800207503
36800375161
762612551225
29000014350
16264006023
71891401412
11110455901
70200556201
21908435886
99482453008
36632013552
77661140215
70152501878
49705681725
850416002293
188314000630
37600247887
1356211783
52100034874
74936000113
71315036053
73321078539
30000437490
30900660899
10038034616109
29000015500
41449302522
41116018664
747599323669
72400060762
70784058528
41303001448
21130372072
898575001351
9300000116
814558020324
708615110366
72457550445
27443360034
41387412246
21000658831
15900140596
27815305076
29000019829
41318020854
78742158099
44400161206
9300005234
89669054029
708615360020
70640630073
29000017085
71846222536
7203671509
39153414853
70200550667
99482457143
7265500084
85000463965
88194340003
70980335812
84253246255
2100061263
85000463942
492162300478
39000567565
81093403114
41262281486
99482434182
898248001077
18894103448
15900140633
73171028548
879826001221
20735112298
21908490311
54467040277
815473015051
16073337783
44000050320
32797006781
30900010410
737628010547
24000393290
52603056076
605021000109
14500004383
829354100019
73693001036
41755007074
42396513108
708820544048
72250011952
616112270585
684758408808
36632027825
41262283350
70200200074
50700206462
605388186850
85239406632
837991411160
85239067703
70662087213
77890352120
70734054662
75450501360
41387530148
863227000150
21500011389
21130062621
1356212859
87076215118
67312005512
854417002436
27271121364
74734273160
74653293553
41321301155
681131781060
24000017387
41500779850
855564003000
28000361303
857773003154
86069303009
33400601768
72457331099
852909003473
75355112920
811307020857
37600233644
4300000047
41390010354
45255117608
75355112678
826766255733
71314007153
23000931150
24000031710
41250160601
78742079363
77567327352
15800050117
41250011835
300878349608
41800288007
815360014549
52100034881
20735112243
37323101800
818411001000
75450228410
858867005252
41458107590
41200098947
99482444280
71840050814
29519236755
70152600045
888670037515
41303018248
25317856003
20700411203
79893336800
41318010688
814049020017
77400428406
71656001659
70784239989
72562493163
708615110328
606995000027
70038343653
638102533319
71117183375
738912022314
11110791566
78742056852
33844002961
39153190054
46100400913
681131110181
745998990215
605388187246
41387512601
41303026007
47900502173
74584050645
72400007262
708971926885
740247018122
892144000776
99482412302
811737007534
85239732052
713733221238
41800382002
44800001072
85239388686
41460398887
99482431259
75355112630
888109110109
41760292908
74641016348
41600636503
93966330007
24732274065
11233490131
888670017029
29700001230
605021000499
86600240169
761040360447
78742051277
5600205111553
31200239273
835228006028
26700129155
77400108421
41460398870
826520903313
15900235650
41498193195
26400405306
709351301254
76360003005
18894903314
647671501957
41548018751
762111975782
27331023744
29700011031
41760096544
28700350508
891071001078
46100009420
70784396255
75450127157
41512136269
70560856157
851748005075
77661000120
99482453312
829515321321
98533340069
8433329103220
76606720956
41483038289
71202285366
41501030202
942100060051
11110912367
26800006806
30034085490
36200014981
856481003043
8414516103476
708820678767
50428475225
41800490004
875208000639
85523200780
85239004920
13964059816
2100067922
31200025838
70022007158
77567674395
857773003161
45200071207
20685001536
760263000642
896767001844
75450128956
76606720987
824295134352
52159000028
29000010482
36800417137
41303025895
77661139486
74690240862
690166348407
78742199900
91037609038
71300050026
77567283238
41789002328
41000303043
38000118159
27271121357
77661112496
877448002596
46100007426
46100009437
24000058168
757528008956
16741644229
2100061542
637480046596
92825094616
782796022472
72410630108
11210023604
20685001574
72745644054
21000658831
11110873132
72609741219
5010040399
93966000320
41642001031
790513140125
817169010265
19336100100
78264061105
75355112173
25484000292
18195703002
41716232163
25600003145
41331049511
77890589670
79893407838
70560923262
73491093004
71443015012
71632010231
746774050109
72180564412
41376400094
85000463935
602652184239
70404001545
70560831550
70796400100
74873163223
15900064229
679844104573
41250160762
852095004186
8902167000256
99482461096
34392102172
41190761852
48001520479
11210000216
40697642336
71448500049
75450022865
29000018624
99482424237
41780002808
74690060910
733636330073
708971926458
878326000079
891071001481
41318192551
75450131994
73170622013
76406063406
79893150055
73490180033
76740070122
34500151122
75450021455
70640009756
77567225061
824843711172
11156058067
11110785121
24000522539
70152600014
47800516409
658761010167
14500015723
21500225007
717854104012
70734522673
31200027214
851093004198
37578617071
72180637529
17869708367
41483037459
99482430269
75450227109
18400312555
76410212500
70560891295
41716150078
70022001491
859354004017
25317120005
31200024640
99482419875
53600000987
2100006563
73563005256
71117190380
815294000205
877448000257
70038315308
85239207192
22531502204
70784006062
857287004227
75450161823
76606795800
812907013157
781138700160
24000523406
31200026125
70560903165
634660315022
41458117162
70560977357
21130480807
29000020009
85239312483
34700104195
39153110359
99482420949
70640013845
99482418298
792338105426
70353303011
71592008569
37600107433
30042910203
9300000659
42608459774
717524921031
99482455750
24000551140
99482447915
76983371963
689544080206
15585001137
21130118892
817169013648
77975041857
29519220136
15100000737
78742062198
3168930010265
201596011955
67312005642
7265540791
41318020410
89947802106
857773003185
75355112531
722252450043
29000078789
850171005195
90736490009089
25293003439
41415203914
79200433949
76840101184
70844005264
9300004817
48001711990
75450199727
688943011088
888109150020
30243741255
75450169539
17869708404
70734536229
41322377685
708971919092
16741833227
39153413108
5740900804302
24000001980
52100382456
75450037111
47200152610
70650800077
637480009904
74880070309
9300004558
37014000375
72830002110
851818001303
71730007157
72820331206
26400311300
643434345455
73416040908
9300006514
41303003428
73202893541
29205016777
4300000895
2100064473
818108000460
782796022946
856435001491
75192001036
852206003152
78742095349
41318020908
71319000982
613008730499
72248213047
877448001698
20601411098
75355111695
71757010109
44400153201
41415069367
1356213062
42396533106
33400601751
24000507864
716221056817
29000020825
85000463906
5601312508007
71771015203
74908370046
26400275305
11110785558
742365264450
20601408425
708820658387
90478410043
99482413767
72999248039
14500014429
76958618390
99482415518
99482448059
91475630045
75450040784
99482423193
72457780224
90478410012
73490180040
33400721756
78742088877
79893400105
2100002576
17869807022
829354100026
856069005018
711747010947
2100065655
647671501971
84380957642
24182000849
71300050040
70734054679
891627002092
760263000932
708615110304
76606235634
637480071437
85676900659
85239002568
11110821355
78742157924
606995001116
81093403012
99482451455
14321621042
70200500259
708615110632
41322356871
41303026144
21130336715
39217053226
41500003009
761359840913
70200520554
605021984478
36800388321
41390004605
853026005005
71007829499
816493017896
36800048942
41460202504
70475000812
78742050058
73170622037
850416002231
76410093642
816012010520
850397004002
70690270618
41449402529
5604321044443
27815001183
899039002396
70200110052
670171119094
51000224637
71117193053
27331006006
75450076790
762357059567
85239814802
41000433344
7265501121
24600017008
77400127132
31200023827
36800351035
848737003983
41143092705
88194340058
35669301144
78742126548
71632010101
41780002587
41483028136
72470017123
810979002673
73491202000
72188001155
72180567413
18400313712
21130496105
18788101093
30223081524
21130495580
21908434766
29519231637
609454638403
41795000394
75450095791
72080002304
41262284692
49387200382
877448003661
638031705719
870001000664
86069202852
15100000652
70844001044
11110531667
18053194232
70200550483
643130310016
70640314454
20735112274
7203671403
15100000201
31200026156
41387005325
657522750151
71828002774
78355900085
71202117230
41483040169
70012116204
898575001696
49696969840
30900002644
99482452247
5601151971437
83791070025
856504003234
73402108605
44261591174
77958794640
877448002466
3521581600887
99482418984
74453003314
34500152365
75450084870
70560956567
29568100762
7265500211
36632013576
30000560815
37600392655
819898019908
36035700103
75450149944
41143185254
853595002511
70784024844
99482446703
75450132052
41250011811
20735112021
29700321215
71673048828
41387606461
28000779214
43638111502
20735136461
81093403110
52100027739
13971030006
39153110038
753656712024
75450041217
99482441586
14500015716
71505011211
742365416002
75450230635
25737004428
73402220505
99482450359
79176008158
617389897031
41736000285
71524130030
780993206688
81093403129
41449401782
28000036812
41780002112
41795000783
78700014412
71202117629
93966000917
70847018681
725439984805
888670044629
7203656073
78264071081
858959005016
826520903337
42222130080
11110531650
810347108105
4300000550
41415005365
51000140029
27815300422
83791070179
41190051762
41483001887
876941008012
21130083022
188314000593
21500042130
855987003373
75450037302
41152423033
25737004053
99482454289
41483035844
18537400040
629014011927
21000658831
73711388996
50455129016
21130086368
44082434018
75450048377
84672702356
70560978293
708615701380
41570110669
89382115731
11110531520
75450037050
18894317111
41303010587
708820829008
75450125450
48800165758
20709005809
15839008257
70801648008
99482420635
99482447557
619128670307
15100000713
852358003239
690166348223
29000021686
16571910372
722252102607
42743229058
851818001655
853311003297
819600014610
99482415549
618650277316
718262820006
15800050124
43823688345
699632002263
70528006518
24000020721
36800067530
742365606502
21000658831
74780000048
896767001042
11110908650
41570056998
77782029888
790334402501
859621003330
77661015131
37466044415
72392334629
13087207460
75900006278
33400070113
41000377228
43454100209
41800202379
41318010503
70560848039
690166348339
70200838666
29519233860
42222806114
46567025690
77567327710
891770002451
49696980388
644209290246
850318005002
637480055062
10038034577905
879826001870
99482442859
37982788046
41152425334
70152198894
669387006489
18195702005
888109050023
855230002108
70152801541
29700021429
52100028248
895072000399
43454000042
71314028783
70560909808
41318021370
744473490301
681131037686
4300000654
18053193990
6618421
637480069069
75450018028
8433329103220
5053990161935
41303003404
70844005400
896767001004
75450085200
41483033567
72047934013
826766255528
835228007520
42456051144
24094070404
76397031002
70200500204
71422200101
75450093285
51000121141
78858020181
52100025704
24182001174
877448003609
72609741813
492180230016
869982000053
2100000280
73472003701
75355112227
848582007228
72463000255
37295001092
22825001284
70622015058
75450150971
99447210905
38708950020
2100005235
78742194783
30900180069
16741311336
39156000107
687652173230
15900063192
75450131703
72058029005
736436520064
11161033769
854413001532
73490132254
33400601737
888109110789
606322201301
41190016358
83933219664
744473000128
21908492629
52100168609
36800290877
36632029232
41415113367
85239404003
5600205111553
99482450281
41466004782
44400128001
35826101488
875754000039
29700001391
75778069764
31200000576
70200022553
75300990061
25484006706
848737002702
46567025704
2100005317
811355002553
70560831420
47300902269
9300000697
76200000973
44800001416
70152198849
768395470678
49200903629
42400188995
70560978712
883990281815
41303003480
36632013514
41190003938
41303004678
76301752016
853595002559
72036985453
84022460019
47997130006
34225086204
13800101648
7265500250
17400140021
75355112692
705814442472
11110862556
75450132106
897261001774
41716200018
73230000171
47918030231
72250010788
72400006562
812907011078
77958690829
44529055028
40822343671
70560969116
65776631506
855482006084
78264067084
39606001227
11110818140
38900030995
11110874040
75450169560
71725711830
73472001158
855223003617
29000075382
711535507239
41483011626
41130599507
186852000334
72457990555
99482461119
72036782205
47900501176
43787050509
75355111657
29000016651
11110868701
74263101026
28500103908
86069300404
41483011800
75500005206
70200200395
73420000158
75450125115
41449001005
19061093692
76829024602
42400039358
49200042014
41250051367
70784480008
728229123477
75355115112
80000495259
41318320879
74175087531
71314042758
716221016217
888109110093
75450153088
51000058874
75355112081
41143170151
49696966191
70353416209
41501110409
21130072118
70200580367
75450062151
747599618260
765171424146
9477613962
37363400017
72180637772
84253244206
29000010024
41483038203
36669040101
34800001073
12123123
637480045803
854929004379
99482430177
21130372201
744473470259
99482460754
2100001719
870001002583
49800155534
74175446246
21130984466
41449109022
41800316007
24126016929
31200027184
854560005032
8901764111259
18894115113
21130411054
76397004129
2100006061
2100002699
36800182028
71300800690
852504005063
70844004731
89947802304
852945006056
18894320609
30243741262
39156000442
73510001959
70909002085
38000139529
30034004392
850871006034
18053760406
879826000897
21130120147
73369060558
70784010939
18053192955
99482413774
41390002946
39153101302
72250010832
695119110506
855987003014
5010045954
26542084285
810347010965
29700321482
5601009942213
51933348257
78858520322
888313914906
70729041387
41318190106
78355570059
82988010066
99482453060
99482453701
70560979160
41188046497
70640010875
99482443368
41387531206
817169013778
898575001368
857063002041
708971928087
77567224804
71146002463
7062731700
7203671341
18195704009
818411000706
854259005220
99482434090
869982000008
70640014248
73472001868
72457331105
23896577005
70560984263
742832066778
46100400661
47800514337
73171027145
75355111800
78742154701
18894463054
13800200297
6923917200100
747366162187
99482450755
744473933044
71429099838
39400019107
71592007920
70560958912
21130152575
41483028143
11210008366
648505302559
75450083279
79893710112
27326000194
41780032126
39000008051
74826033115
28674337376
850942004051
77865010154
826766155033
71117190113
70784010984
888670002896
75450102024
73711510359
41483035165
70784230405
41483041364
88194340072
52100028255
835228007506
43832123592
76200000980
26700129032
73170247001
32134232248
70551775047
41449601212
733286000029
72058608668
753519468754
78742053936
719283328069
770118760027
99555158670
78264009107
75450023589
44400108003
34856806271
41000004902
99482415525
5601009942213
40000511236
99482452254
75450228427
11162102334
30042003813
877448001629
644209307579
851068005069
864522000111
826520902224
24182002287
888109110956
75450096491
44400138208
11110859686
11110868817
722252180018
35266007241
70784012001
29568100861
75450051063
99482410681
38900009472
75450150124
51000270436
41387530209
99482423131
639372021216
815298020025
72392349678
99482452650
77890378243
73369060503
75450152593
44400172004
41234809113
43695075359
49800156364
88194703143
9300005302
11110791535
30034085384
37578616623
35826087171
78264039203
75450095838
70640008193
15100800788
882990151272
21130159604
41415001367
77567254344
37014242478
75450152562
70796400087
858738003110
29519233792
25600003121
76397051482
637480055628
767119510683
41449471549
747599615269
28000832575
39000010016
9300006811
826766141753
48121276201
76808005622
41250004318
85981304255
41188043106
72609043528
9300001410
15900140848
41188046831
853264005270
855230002139
14500015112
56093254
70200011304
851110003135
858982001306
54500191812
8422424500218
31200037183
85239388846
76808000672
8422424500218
852945006094
30223007081
30034082000
70784190563
27271117282
99482430214
811620020879
37466083247
77661123270
854993004169
77567383938
700598999396
53852005006
79893404271
99482448639
41318080032
99482453817
22000073723
708820779693
47800000748
859480006077
30223082385
856596000128
27815002319
689544088103
75192006819
81093403072
44400128209
98304100106
857190000170
628039100029
7203671579
891071001467
70120268802
762357042118
708971925109
41331023450
7265500133
883978144446
79893407531
859815002033
48001265349
709806711737
73416527706
74690093734
75900013511
48001265042
21130336135
39153413566
708971925932
29000016132
73171027169
41318300512
657522098079
78742352053
21724603612
810347010200
73170320124
41570044315
36200430736
75450083330
1111500206
708971926175
722252600417
14500020994
75002313137
24000507994
99482424114
21130079964
888109010782
616112279625
99482442187
37014242256
52100071466
41483012067
871459001326
90736490009034
15100001895
708820301368
742365005558
71720532935
870001000022
733147111307
41800201730
75450152470
41130285561
704639970023
70734053351
73416523005
30034099091
41483035714
624827610732
41420123689
11210000155
73484900012
76808535594
42743170800
72250010276
71757056770
15900064755
2100007267
36800352902
70200530201
77400428352
11110533647
39156009223
28000033170
73170002013
21333991278
71505008044
786516760079
79893155005
41278102584
74936000137
83933217042
21300161390
39156001630
15900134014
78742089294
24000051992
43454100629
41130599866
18053760529
70560900935
72457660229
71314059114
70200581258
70640013890
41318092028
70560825467
23896245102
36800049772
31711000317
37578617262
18788102502
70925008115
75450068047
76397004075
30034073688
41130348259
10886476999317
71117180060
41331029735
708820544024
71725713292
851729003441
21500013062
52100323589
82666503026
41000014857
52159002107
17400106089
36800365827
24000163183
43638111373
795404151112
74873253245
17400100391
29519220150
70541800384
14500017277
79893110493
14500017222
77019000659
72463000224
44400159203
70200011601
5601009942213
99482436551
70560983907
99482417857
33400608330
9300005210
71592007753
21130076543
77222373151
70522244114
11110748836
41000531484
4300000652
79426294577
898075002773
77975087312
708820301382
75450098068
24182000818
853305003081
41303026014
641548139069
20735112458
49022836297
851646003012
5053990107339
41449001050
74690201320
810607020703
41188047289
708820544062
41262281493
75355111756
41483038210
44900300754
2100002627
31200023117
71314007207
41318021066
13343082404
77567283207
41143024508
41740004262
72273384897
714444003472
28000791179
15100002564
8901595851218
6210602401059
15100000119
77017773227
888109110253
79893150031
5601009942213
20685000812
896254070353
75450084962
74175042264
18894320623
18894115175
99482439255
75450083323
21130048779
41224835009
21130337484
10038034534205
90736490006484
78742132785
713733124065
39217051666
75450098204
24000167259
52100038537
815116010856
641668070318
75450228458
71429012288
24094070879
74641019868
72999440037
708165401068
852504005179
75450136982
853595002566
28435399070
896859000014
70528006815
41497067817
41143070208
25675051485
9542015190
75450041149
716519013089
72878071505
47200152504
87076455828
81093403056
9300000352
4300000050
51000024213
25675124691
70200581302
41130310935
30034087890
842350100074
15900122523
10389573002
41449056203
75450037043
78821290016
44000031954
41130310973
46100400517
86069300107
99482455804
75856012217
835143001948
70925008139
39153413085
75450083286
21500206006
15900063895
99482460822
73575543005
75355113880
762111940292
752412003376
18894126874
41250024330
73170000071
15100800832
39000008907
787359175084
99482420581
41250939757
72036761163
41380268154
52100005621
41483035110
99482447854
41483003157
41900080174
99482443016
39153011014
21500042093
21130983476
76779137513
75450015960
15400875677
734756103523
21130183418
826766181285
20735112212
73731004197
41130017698
2100002686
852884004021
70200540149
850417005170
36800153677
21130480869
10995305479
24000011484
7203602606
70784016924
41390020360
14500017208
41501083215
72830440028
41483032072
75450226621
605388186799
18894115052
21130062614
75192003092
27271121319
634660396441
21000658831
711575007904
70157882774
41458117223
2100008065
813636020249
29700131418
73563005904
71921624910
13800631688
95815002523
42743230337
86600224015
5694110039217
7265540810
18894127048
18894110415
51000078742
72036410542
853916003968
36632026040
11110836083
70200011236
760236684923
72250912334
70734000027
73170600066
41318190533
24000043751
858738003127
719283392282
74873253214
742365264856
41318010244
870001002576
39153110021
72400006593
76050170307
21000658831
616973783002
72820382413
35826103079
1356230063
75450035155
746167691094
41570054048
70650800312
99482452766
70404004348
75450137002
19600045700
31200000606
78742007878
877448002435
70200838123
11126004117
21130336913
21724603087
72392624898
70640007929
41164000710
858168004015
857063002072
15800030614
853787005009
818512017054
13971010022
85239231302
839456003248
71117190144
11206002682
36800043060
26542084230
24000162995
26700129186
74175020071
25484000124
73170623041
72275100204
851697005058
47200137617
863747000104
36800411395
36800379947
70522294102
73030803606
70560925013
75192017020
7203671377
99482424510
11126007156
75450222463
49387100132
40822017503
42272011285
5410041001204
85239000021
190569123163
19600047001
11110914699
21333992411
72609741042
85000463925
41449302560
75450149913
21130496242
70784443539
70784010861
72830702010
70459005260
75450037159
71314074575
75450035780
41642001130
492180200262
31142005257
75450108842
76397003122
30000560808
41800379002
77661111598
620811144146
85676900656
75450021769
11110849397
877448003685
21500010382
857554005322
13800151704
72220005202
24000012719
18894114789
26400440277
74873163308
31711000218
73510002291
9300006071
850250005023
75450127133
742365006074
722252168597
76410903385
70560929110
9601381101761
11822584814
72830005012
79426284561
70690273008
41262284418
724923103005
70560977708
85239412220
29700001995
11110857132
41483001153
70640014859
9300002196
81363204007
68208007726
11161019077
44529144135
713733305242
4139645
24000163008
637480025256
72180634696
11233490247
2100004268
78902410272
41387531107
817169013396
890704002765
43832129679
44989011176
80868000497
4602372047995
816680010198
41129840535
70281001171
78742133867
71505013338
21130372126
638102204752
879890000113
29000020900
626608000961
72670235013
815473010322
28435386254
18894317203
41318320862
67312005529
78742154626
99482439484
32251121067
21130154555
24600010412
639001461062
41000346682
21500010368
760263000321
744473490554
39156000169
75450021370
77567395177
857063002010
854560005018
71117021271
70152400461
33400611255
17400100780
819893021548
77400120133
35826095671
2100004074
36800062597
879826002303
72250011921
99482436988
24000167235
50000289554
41780032553
72392330621
613008724139
4300000046
744473476213
893447001392
41449470344
90736490006354
41800704132
708820234086
854259005428
36200430385
70734070341
715364100081
639277338914
78314120462
700604803617
32251023026
79900001219
36200222843
896767001189
72945612433
36632013507
796853100010
70784058504
70152191628
70575040220
70560928359
36800814974
685450657013
75450098280
619128662025
41483039002
99482414740
41780003416
72591002169
33600000309
70459005598
71429026445
75450025231
75450150667
75450153095
74880070354
70411126125
657522750267
21130496235
857832002593
41483038142
18195700001
21130099498
70560978163
11110849380
70560838719
7265500213
708971927523
75501232304
71429097551
616676092210
787359177019
70475000300
75450501308
73420016142
862709000299
76406061808
72457220119
36200013649
737628025602
51000227492
70100016447
72392323432
75450230925
41143075715
53000052364
73170127969
35826101556
70560865050
30223082323
74584075303
65776631520
737628010264
78821200480
637480022774
70821300122
71300000809
48001213548
70491100091
70784004006
855571005479
708971925116
28674337161
70200500211
49387100118
11110184146
72820331497
848737005932
851107003070
41318010732
41303026038
77387400600
644209001132
72457331181
47900501183
898134002379
78354707715
99482436476
73731084328
815473015778
41376704963
873668001951
75450134780
75450036947
51100079601
74690201290
894773001209
99482452704
43695561005
14100074380
75450228083
75790030292
77400127231
53000072614
86069104224
36800382763
2100003131
708953602011
76397001289
75450131932
11110836106
97421807318
85239388709
35493014647
7203671390
41449301709
70022007790
43695071443
658010118170
41234807119
708971924690
894455000025
44400156004
41390021657
88194340089
41498134181
813377021000
71429024342
73410025246
72250011488
71270384220
70200581173
41303025987
70844005103
29000014374
72250091565
18894462484
73171027114
75450152982
21333991254
886926012187
71043101160
36800221147
99482446802
49200056752
71429002111
8433329103220
829262000012
70844007398
41303025314
810979006589
94776126576
32251051814
689544088035
70784024943
72820382505
744473914050
74683005546
53000076360
813090000000
74690230030
79200219918
28189620604
21333992473
71300800669
70132011656
99482461126
9300001120
24000162902
41420011498
896254070193
31200025616
72250017541
53000006411
123123123
21130983353
75450134469
53600103237
86069303559
72180630551
807176708200
29568100878
75900030341
41466004614
853305003029
78895131130
72250013352
5601312881858
72273440647
72273484726
34986061960
41116001109
708971925819
75450168839
99482455729
70200110014
853026005029
898987001192
90736490007122
620221200401
28000516017
49800138353
75450093193
29000013711
81093403011
2100064282
37466023427
41250160748
99482452636
18053191828
70505600029
834344003102
35826101549
26400171003
884395490574
717854151146
99482452216
71146002470
73575800016
78742085395
70152198023
72180567420
15900000999
86106033005
36800062566
54467040239
41318010121
877448002633
41318020816
99482160227
89016100492
781138710169
70784479026
894340002813
75450046342
50500312318
78742096407
38708950051
75450100273
74807121633
11110903518
39156000138
829262000210
42272001637
75355112760
25600007853
11110836090
85239388730
72036976727
858114004274
41390001918
708615701205
21130285372
41250161530
75450902334
30034007270
877448003579
53600103190
70560979214
680816030356
25600003138
77661108710
41415067363
30034007621
853594006091
43787050400
43695075120
41303018316
70506030023
71010400159
41318010237
70640008155
77567003935
663209110750
794376102153
2100060471
71007822957
38900741709
53600100465
10389573156
78742082189
24300014147
70729041400
70617006399
52009830485
21130337507
41570109090
850977005016
70200520523
99482447946
850318005026
41318320831
637480027427
36800170254
8662133
83791070018
75450034981
34500448536
11110533623
41000344060
850732006043
75450135770
854651003633
99482441739
29000016217
851769005139
35493014876
815473016119
15839008219
84253269865
72250903219
75450036596
41116024115
736211720436
70152401468
894773001582
27271121326
75450086065
72273391642
75900005912
78742055848
813745002563
74880070217
884912002464
616594506356
12700157168
27331000936
854487006082
76808004595
99482421243
99482434748
2647412067702
41303027622
29700321031
79694222128
43200614028
85239031360
43800450057
99482434601
85239500408
66086080244
35826083074
70200500242
70074517872
31290097517
48001218062
876045009991
60501587615
85239388815
99482456214
888670037386
899587000288
74683005935
2100067189
33400601713
77890372685
78264093083
21333992381
71142002320
41188046749
41303061626
71300800683
815473013880
47800000526
787359175046
858738003134
49022903388
31200024756
855569210106
850057003024
17400140328
5053990107384
43787050615
24000167006
11822997713
637480035408
41780001375
17077409162
41000437298
17252500158
26400171102
11822584593
856069005049
75450037005
24000162940
26396908300
75450127539
73490130885
73040004055
851390005256
99482453824
11110912466
23700014498
37600223188
800093039723
2100007714
85676900653
4300000063
4602372047995
78004101009
7265540545
2100005293
602101385101
73575800047
2100008063
2100007697
2100064605
27331023317
1356211824
75450135961
30034073701
74683097015
81093403023
90736490007450
2100005509
85000463989
2100061648
81093403021
7265500093
4300000658
1356211492
642782465419
85000463909
2100005440
1356211783
7265500084
85000463965
2100061263
85000463942
81093403114
1356212859
4300000047
45255117608
5600205111553
85523200780
2100067922
2100061542
11210023604
5010040399
85000463935
70404001545
41716150078
31200026125
7265540791
90736490009089
48001711990
39153413108
4300000895
1356213062
2100002576
85676900659
81093403012
7265501121
41795000394
3521581600887
7265500211
81093403110
52100027739
81093403129
41795000783
4300000550
75450125450
72392334629
70152198894
78858020181
2100000280
2100005235
2100005317
44800001416
84022460019
72400006562
75450062151
12123123
2100001719
2100006061
39153101302
5010045954
81093403072
7265500133
1111500206
52100071466
90736490009034
2100007267
10886476999317
4300000652
2100002627
77017773227
81093403056
4300000050
39153413085
2100008065
7265540810
72400006593
85000463925
76397003122
85676900656
9601381101761
2100004268
2100004074
4300000046
90736490006354
2100003131
70844007398
41116001109
90736490007122
81093403011
89016100492
2100060471
2647412067702
2100067189
52100634746
13964533453
99482414764
91037609021
8422424500218
888045000267
99482434373
830415050037
41152995172
78742433523
36800107922
896446002322
71314007146
41387532050
688267088490
76606338182
99482412289
41716887998
40697713128
30034085308
8680697487142
79893401607
