27000612323
51000198808
51000213273
51000213303
51000224637
51000227492
51000024213
51000227478
51000058874
51000232847
39400019107
39400017073
39400019121
51000076885
51000121141
14100074458
14100096054
51000075208
51000140029
14100096559
14100074106
51000146045
14100084709
51000024305
51000075192
14100074625
14100046424
51000142962
14100041993
14100098676
51000142979
14100074380
51000198792
51000078742
39400010593
14100075233
14100043706
39400010715
41800344000
41800301973
41800456307
41800281008
41800288007
41800309009
41800394005
41800317004
41800323005
41800319008
41800283002
41800379002
41800316007
41800490004
41800382002
79618352115
51000270436
51000270467
14100051992
14100052067
41143090718
51000274687
41143098677
79618321708
41143089569
79618326703
41143092705
41143029008
41143092804
41143121221
51000271525
41143024508
14100050629
41143075715
41143051603
11110848802
71725713032
41498134181
80868190105
97832000032
97832000049
41318300512
41318870893
38900004095
14500505538
11110863317
41318300765
72981005107
72981005022
72981005213
72981005251
22655723523
70575040220
84253284233
83791520094
75700045002
72036761163
72250065405
71757056572
71757056602
45296191032
11141087478
98533340069
20200170044
20200129783
99482434106
72036976727
28833070007
93966001327
37014000269
42743229058
71846312411
71441707735
38900043247
41497286638
42456051144
36800113367
20735110164
74683096322
72457660335
45200084009
71202117629
20735136393
72036763679
27331006006
72820331206
36632026309
41188046749
41188041836
41188046831
71524159307
74908324285
44400176002
74908326203
41188046497
71007147555
78742372198
78742372211
70200581593
70200540293
46100007464
27815300552
74401701415
78742372334
72400011061
93966005592
39978031846
37600247917
37600247887
37600248150
41483032072
41483028228
41483029263
41501030202
72058608668
72058608675
42636035391
32601033118
71725711830
28348900813
28348001947
28348071667
28348900943
28348072008
28348900899
3106424
6618421
41570094754
26700147043
70038315308
70038315155
70038316787
70038316848
70038324850
73491301000
41616043401
75172071691
72591003166
36800061262
41318300369
75450085112
75450030037
41318200720
41318080032
41000303043
73570700014
72981001123
70200540354
76397034003
76397033501
76397033006
83791520025
40697132066
70506030009
70038343653
70038305255
73484144003
39153414907
71846512415
53000006329
53000063360
15900190744
41318200096
41318200713
37600292092
24000016335
72036150462
72036500144
93966302929
42743200453
42743230337
72036704474
71117143560
27331000424
70919032393
41642001079
76606795862
76606738500
76606795800
76606720994
76606720970
76606720987
76606720956
72463000255
41262284692
76397009285
27815179936
41262281417
24182002287
41278102584
41278102355
41278102218
39153212657
44400156004
85164000271
46675000204
41387606461
73321031886
78929150571
43454100193
43454400200
79900001059
34700934501
32394002070
78742004396
77317534139
77317534122
41387919257
24000367031
74683000077
32394252376
90997630304
90997630403
41483016560
41483016577
11162102334
70551761040
72745804113
70575040091
7298840
76014101088
26825008939
47997124524
34856806967
73731071298
37466047263
71007714276
76360003005
42222806114
36800474635
36800124998
36800182028
36800375161
31290046461
27326000194
36800047464
36800445857
36800349155
36800483231
47200153259
70560978262
36669063353
70734522673
36800369078
41449107004
39156002019
41449700083
70690022101
70734055096
39156001050
39156000138
36800505117
15800050117
15800062325
15800070320
51817516109
51900019050
36800814974
36800081147
36800351141
36800221147
36800835146
70723136904
73214005840
36800565166
36800794146
36800385146
36800133679
54467502720
73202893541
42743170800
19600920335
41720000253
51900801051
50500312318
36800348400
36800160217
36800321946
41449056203
36800374164
36800376137
36800314580
38900024086
36800352902
41460200999
72250011396
71673036351
71673036252
36800388321
73731062005
73731072004
41501100288
41483002556
72609741042
72609741233
72609741844
40697740599
36800393004
11826400103
11826205012
77400881140
77400881041
77400881089
9300006101
9300001823
9300001809
36800406414
41716232163
11110790217
72030000633
25600003121
25600003145
25600002230
25600002254
25600003558
74323095258
75501232304
15800030614
25317323000
76397035703
41483034236
18788102502
25105522141
41483034359
41483035110
39272020010
43200614073
25317122009
25600003503
70617006399
41190006861
41390015045
73575800016
73575800047
73484144201
20735112458
20735112328
20735112304
47200152566
36800210189
77661125038
77661111598
36800303638
36800280038
53000076360
21130505982
59642000503
59642932491
41420215179
27326000118
27326000101
20323003625
20323005148
78004101009
78004095018
31493061056
65776631513
65776631537
65776631506
25737004053
25737004428
25737004442
98304100106
41780015037
41262281486
41780002747
41262281424
41780000552
74873253245
41331036177
70234007557
70234004556
70234004501
70234004150
85164000165
70796444067
73230000522
8660135
85693107021
41570054048
36800209121
24000001973
36800262140
15800030850
15800070863
77172667539
77172667720
53600000987
53600000017
36632029232
72463000248
36632018601
71524165438
46288000059
67312005437
73510800033
38328111832
9300001083
72999444035
72999420039
9300003810
9300003803
9300000888
71117190038
71117190144
71117190502
71117190380
75278150030
70132011656
76397030074
27815179783
71117182620
45200084306
39153110403
39153110694
23896245102
75172079130
43192702628
88194340003
88194340072
88194340058
88194340102
34856028833
44529144135
31142005257
53852004405
37014242300
73731002414
36800370401
73416035324
11152116556
74880070088
71840105989
30042003097
30042003622
37466042695
11228001601
34856120391
75779236806
41116006449
4179580
39153190054
76808523201
15839000039
15839000015
24182000818
70522294102
71592008569
43454030506
51100079601
24600017039
47997130006
76606691393
76606691324
72400060540
71117023411
71117025002
50500327978
72273484726
72273494497
76606691331
76606535031
76606535017
74880070026
49200042014
41725101085
41725101061
41725101108
41725101016
36800938441
36800064614
36800775121
34700009551
34700104195
47800514313
41789001284
41380268154
41497286782
44800001010
41720000024
31500004724
31500004878
41660205107
31500004588
9300000352
9300001984
41188042628
77975086940
43200614028
42222134057
72392330621
41415024052
41188044622
41188045063
41188046930
41188048132
41188046510
41188046848
41188040709
41188047289
41387327908
70796600432
41188043106
26700133015
71022201003
72999493439
70281000235
70281000266
70281000365
24000395553
24000058175
76050170307
76050170239
77507004022
70522214117
74323002300
70200010482
73575800054
30042501524
73575800030
47800330517
76808535594
31500008241
47502481517
36800370180
36800354791
36408201220
36408201213
39978003669
70617206355
74936028155
39153110595
39153110632
36200004005
73490180033
70234007700
70234007458
41190021178
41387524581
30700751018
41570109380
41190051762
66086080244
66086080220
41190016532
41387530209
41387111187
41387412246
47800514337
47800514320
11210001343
41409000901
70475063046
41190031214
76397008288
75450093773
65776631520
25583009578
73510002291
73510002697
70734050138
42396253127
93966005011
70506030023
43832129679
39059000884
71771015203
72609741295
84253284226
84253284219
72609741837
72609038326
30684766435
42743250595
88194340089
37363400017
16741911123
70734053153
95815002523
39153011014
76397035505
76397035000
76397035604
72830030090
72670235013
41258081809
41740004262
47800516409
76924568759
79851414373
71475010566
41757018375
78354707715
73570000145
53000067085
70844705560
41795000585
44400125000
75901152134
44400172004
34392902246
36800365827
40697630043
71202163107
79900001615
96784460215
29205016777
13764027053
13764027220
71018010183
53000052364
53000016410
53000006411
53000009900
53000009658
74301002001
75900001228
72400006623
72400006296
31290039012
40697700210
77385234566
41331023450
41331029728
41331029735
76983386585
30700751063
71481012103
73570130071
27815300514
31500001983
31500001969
39153104006
71656001505
30900660899
81363202003
81363204007
75172079468
75172079369
14200084449
73296113570
41116004056
47800000731
76397010106
76397010281
72036980014
72058957575
72058609405
72058957513
41331039178
24182001174
39153110502
39153110359
39153110465
39153110571
39153110663
39153110137
39153110328
39153130319
39153110021
39153110014
39153110496
39153110489
39153110076
39153110083
39153110687
39153110410
73230001444
20735420102
76397030050
79893400105
70522244114
13900500556
99482421885
99482448639
99482452902
99482438937
99482439040
99482448738
20735420966
20735112236
20735112038
20735112274
76397005102
76397202075
74234925132
76397001104
76397002101
38900001094
24000021575
58449590668
86600240169
41449056241
41380233152
41387215854
71202171133
29839005710
41331049511
41380112501
15800030553
41331023641
34700434100
96423827003
49200061565
20735111024
10300933748
73718000013
37600462563
41262286030
47997124517
24600019873
89382115731
41262281493
41224875104
78742430539
41387530148
49200047545
41387532050
41387531206
49200056752
49600700361
26800006332
41449302560
84253284424
49200902936
44800401025
39156001630
71656002540
41331062947
71656001659
41331062930
41331062909
41331062961
79900001219
72609741240
72030022123
70734054679
70734053207
74714085912
78742078816
78742122892
72368458243
41800501502
4184536
84380957642
71448303015
71448500094
73015001720
40822342735
70281000280
70281000297
51933036406
11233491039
11233490131
11233490124
20569143017
11233490247
71840049849
11233491022
11233490018
48121189044
51933443778
34856204961
34856204985
72250002400
78742062808
78742071220
32251051814
78216004259
78216004457
78216004549
78216006314
78216006345
53600000512
41780003416
29056100403
77400108339
27815307261
27815179912
73472001165
73472001196
73472001240
73472001868
73472001851
73472003701
73472003695
53000072102
37323101800
9300002196
72036410542
73718000075
41780001283
41780001948
41780003386
11110852714
44400157704
44400159203
44400185004
44400167505
74234831136
70729041370
70729041394
51933053663
72201103484
72201103613
72201103255
72201216078
72201103385
43301305191
43301305818
14500505637
14500004208
80868000497
24000001966
24000163183
56210371065
41498193195
75933215975
78742003986
41190043132
41500779850
70650800152
70650800213
70650800053
70650800305
70650800312
70650800763
70650800787
70650800077
7065644
7065547
70080081107
73472001653
73472001660
53000072614
25317692007
25317691000
25317772006
41820810394
41820810400
72400060700
78902675534
73030803620
71448300595
73030803606
53600000116
58354000917
53600000215
53600000529
78314212358
71314102001
71315211788
71315008852
71242091019
71242091224
45255117509
33383536101
45255115529
14700011105
24000021421
79900001004
38900001391
38900020705
38900720612
38900740740
80000495648
42222130271
15839020204
15839020266
73364021011
77975022757
70200581302
70200582156
11210021501
71448127116
71448127109
71448127253
73480000334
70157882712
73170600066
76410903385
11210025554
54467502591
24094070343
30900180069
30900180076
38616378404
30900180090
27815412002
27815307308
71448300571
27815411036
41250160700
41250160601
41250160724
41250160663
41250160687
21724603032
21724602325
74401504306
41250004318
41250946359
24000550822
24000022114
70200230071
76397202181
76397003283
84380957949
41250051367
34500151122
47200152597
18400312593
84672702332
84672702356
73170132000
71022314796
71146002487
43454100704
73170800381
71146002470
73170524836
73170127969
73170769008
73170800350
73170600080
4184332
12842001992
12842410015
70200500440
12842410046
15900122714
27815001237
15900002092
70672751500
11210004009
18788101093
27443360034
78895131130
85981304255
73420000363
73491530004
73491093004
73491510006
73491202000
46675013518
36632037213
36632028068
74714084380
34856806301
10374220010
72562484918
34856121664
15900064199
15900064175
77400127538
27815118379
27815004405
37600665605
37600665599
30684768910
30684768903
84253284271
41449470344
41250858799
72368510996
36200004425
36200003503
36200014110
72463000217
26700129070
29700321482
29700021429
29700021306
41250946823
41250024330
41250946847
77567224804
41322625106
41483035721
70844001044
70844001020
72457990555
72457990227
41322127761
41322109149
44400128001
21908434766
21908423159
41116101106
32134235010
41570056998
72180637765
36800614925
70640008063
71202094616
44400158602
73510001959
37600143943
37600492317
41458117223
41458117162
41250692140
41250161530
41250663829
74235284511
73490123832
73490123849
41795000738
37297914475
43800450057
37600216296
41501010150
37600392655
42222269063
22655829256
8346802029
8346802012
8346800056
72530561122
26700129162
72530010569
72530500466
72530010262
72530568817
72530010545
73015001652
70575040343
70844007398
70844007435
41250160762
25484000131
43454400101
25484000100
43454100124
9542009588
37466062266
37466023427
42238302211
38361403062
38361403055
15900060009
46675001133
36632026354
46675013273
46675000105
36632026002
73491520005
37466016450
76808003031
37466017631
76397005287
71524159239
71524159208
28189204668
75386048588
9300000307
84380957048
15700222218
73491511003
73491580009
11152013589
11152226132
78895131079
70844004755
70844004724
70844004694
74880201956
70844005264
74880070354
74880070347
70844005479
74880201925
74880070323
70844005073
70662087213
76606235634
77661140154
73570130330
24300043345
36800382763
36200002506
36200004883
36200004401
36200013649
36200018002
36200014981
36200018026
74683099491
73510800163
43832125275
70538012394
78742433523
70351180126
49200045701
24094070916
24094070404
24094070121
24094070879
43832265643
41250946373
73416197640
41250946410
70617206126
73570000107
70796400087
72030021270
72030002712
72030019680
72030001258
47800516393
76397030029
47800000748
24463061040
41740994310
41740004439
73170731302
9542016180
41143170151
53852006003
15900002115
27815301009
27815300583
27815001114
27815002333
27815002319
27815300422
27815001190
77975041857
73731003282
72878275637
73731060025
41780002419
41780003874
41780003843
41780002112
70662096338
70662007020
28190007791
11300081446
41780003775
41780001597
41780000118
41780001375
9300000321
9300005173
9542015206
79900001233
21724603018
73170724830
79900001851
71419888923
71419888541
79426241007
17869707148
71202094609
70200581173
9542015343
44400138604
14500015815
44400138406
44400138000
44400138208
37014000481
37014000375
41780032553
41780002266
41780032126
41780002181
73416527706
53852002005
71524159062
71117190496
41331024495
73230000171
42272010561
42272010578
41153000066
70844005028
70258041216
41740000189
34856028949
51933338821
72036983121
72036983107
72980000097
70481444280
41789001314
41780002914
41780002617
41780001399
41780001870
41262285279
20685079405
72600006614
77975034064
77975010167
72600013933
77975088234
72600016101
41262284418
72600005242
77975034040
77975087558
70560834711
70560978712
72180630551
20735112298
72392144105
72036782205
29222920187
41483040145
72036984272
27331005023
27331000936
41716846025
30900003580
30900012230
30900007168
72036590305
78742022543
74641009890
78742030890
5284117
78742056821
39153414853
39153414754
72058610401
73731002018
73420001100
31711000225
31711000300
31711000256
31711000218
31711000454
31711000263
41497568048
47117089535
51933627802
41497067817
41497074532
71117190106
59608004651
20505002507
20505002606
20505002408
71422200101
77019000208
77019000284
77019000550
77019000604
34699083464
47117086800
75300990061
24000523406
85164000080
70012116204
89789001439
72180733665
73484133304
38900024055
41303005156
41616173023
52100005737
72562493163
37982788008
37982788015
72036100634
16741933224
84643410020
14500013453
14500015112
14500014429
49200051009
49200045503
49200056004
49200043509
14500013125
14500004482
14500014283
14500015099
14500024398
14500013996
24000001423
23000982152
72457660229
24000014089
37600415828
72368458250
78742038865
70890542003
14500014115
14500002563
24600012058
24600011983
41460398375
71475011006
71475010849
70200580350
70200582354
70200580459
71475010504
71475010528
24000011859
9300000635
54100004109
9300000161
9300000109
9300000383
89156801143
9300000802
9300000659
9300001977
49200057919
70281000211
74683097039
72400007286
72457880221
70281000273
36800180284
85239141328
85239731031
85239734162
85239735657
70281001232
74873163247
74873163230
41303003114
30684035029
36800043077
36800383807
36800097193
84253246262
41570109106
29700011703
29700321215
29700001995
29700011666
74785534227
41760096056
41760096063
41760096544
72400060472
85239108185
85239100059
41500766034
89947802106
80000495259
49200903827
49200903629
49200901045
49200901052
72463000224
70900501686
36800120082
80000516466
24000011071
72463000309
72463000286
35457770718
24000010692
24000011484
28500114157
24000013204
70475000416
24000000877
70475000454
24000000952
70475000812
72273031012
72273133051
24000053026
76808000474
41460201019
41570109083
89947803202
99555158687
25484000124
29700011000
41318021097
70796400094
41318021370
41318021219
41318021363
41318021202
23000931150
72248213047
41318021196
41318020816
70796400100
23000931358
71846922436
25317586009
85239500408
85239011263
76915000459
9300000895
70152198894
9300000116
9300004084
9300004817
9300000925
9300004053
54100016003
41188044653
70796400063
36800043060
72030021652
41318020946
41318020953
41318020526
9300000079
9300000697
9300000185
9300003537
9300001120
9300001090
9300001304
9300000482
36800056114
41318020915
41318020908
9300000673
36800056091
9300128339
41318020373
41318021080
9300000765
9300000864
36800132917
9300000857
9300000444
41318021356
43454100186
36800097209
72273125551
72248271566
24182011098
41318020410
36800180055
41318020403
41318020632
41318021073
41318020854
36800180048
41318021066
41318020397
41318020533
41318020380
41318020960
41318021257
85239330401
72999282033
70723552599
9300004800
11110827449
99482414368
99482428938
99482435349
99482418298
72273387652
72273391642
24000020721
72273387737
24000043751
72273390249
41318190557
41318190533
48001213548
48001265707
48001520479
48001571075
48001572713
48001572607
48001213920
11110784070
11110784117
74873163209
11110784094
11110818287
84672701359
48001001473
48001213562
48001354494
48001213388
48001265042
48001265349
48001213487
48001353664
48001354500
48001437234
84672701342
74873163216
41570110669
72273136069
47200152504
72273136304
41255430785
41255430723
32251121067
8662133
41501011010
32251023026
32251121074
39000010955
47200152603
29700001452
99482427689
99482438203
99482438197
99482438210
26700156816
11110849410
11126007156
11110870346
11110894199
11110849403
11110849380
11110849373
30684189951
70491100091
2463930
27500095336
85239284780
33844002978
33844002961
74683000084
24600010559
41570109977
70411605354
41116002618
51943388021
37466083247
4782734
41149011007
9800800094
41483011800
93966130003
93966330007
47800340042
41449401782
41449402529
28700111482
36192122961
38900006198
74263125565
78122070942
41500779874
70734053344
70734070358
70734070341
47200152795
41716150078
72830002028
111301201
47200153303
47200354205
72457780224
74683096513
70283435189
70283495190
15800070115
23923202139
21130480869
75500000027
11110849397
70200200210
70200200074
70200022553
70200200159
70200200616
70200200180
70200022218
70200022140
70200200395
70200022201
75070350560
41318050189
78742059716
13971010022
13971010015
3361235
71117183375
71117183351
38900004071
38900030971
38900030964
38900020606
38900030117
24000167174
38900030995
38900030988
11110854377
55653618706
73490180040
86600224015
32063200011
24000010920
76397004075
39000081504
76397003122
39000567565
41390024009
71430009093
11110791535
1871134
11110791566
11110838797
11110838995
11110791665
41318190366
41318190120
41318190342
41318190106
41318192582
41318192551
78742056852
70200010673
78742075273
78742128481
70200010659
78742121970
70200010635
74880070187
41224835009
70650800756
11152259871
88177227901
37600158428
36200005507
24000524441
24000551171
74401750291
74401960416
76808004595
11110845290
72368104621
11110815125
11110872685
74880070040
41390013140
74880070309
24463061095
70650800367
74880070132
71072003121
36800388314
41224721944
76397032771
76397006079
85239401200
76397001128
76397005072
41501110423
76397002125
76397030166
76397004129
76397105116
76397032504
73562001204
41501110409
39000010399
36200344309
36200344293
36200038000
76397004082
75779311107
78314200461
24000167259
72392352265
72392352296
41318271072
41318270105
41390007026
11110018151
78314100464
76397031507
85239031360
85239403204
85239031377
24000167242
24000001645
11110748836
29700001384
29700001469
29700001391
74714084212
11110834126
11210023000
29700001476
41262270749
36800043282
36800043275
74401810414
71117130089
71117130027
70353316202
11210023659
53852005006
72999381033
72457980778
74683008318
73170128058
72457660113
73170180810
73170800374
72457324442
72457323339
48001139985
48001440517
48001139978
72457325555
70200581654
78858510170
78858525020
78858521145
70200540149
70200540125
74880070033
34500152365
70200550506
73731071076
73731004197
70200520554
71840043304
73731008300
70200510074
71840200349
32251138317
71475010993
21130480807
21130513673
41617002261
11110912381
21130370085
21130370306
39000010139
21130370122
28189620604
41331037822
72368510552
74683099453
70200996434
36200378168
70200996410
74683099477
78742352053
30000033005
85239067703
39000008051
39156000077
42272000302
42272000807
42272001033
42272001996
42272009244
72058610753
76397005119
76397001074
76397009070
76397006154
76397030036
76397002071
74873163223
74873163308
74873163278
78742310671
24000017387
71840050814
41795000394
36800062597
86341170558
72878071512
72878071505
4183139
71475015011
74714086643
73490130885
72457550445
41500003009
74873253238
74873253207
74873253214
74873163315
74873163254
99482448073
99482415990
99482448097
99482447632
99482416003
99482410711
26400171003
71828003030
11210023604
93966001594
93966306651
26400171805
72830702010
26400171102
41318010619
24000015390
41318010350
24000021452
37323114305
41318010466
55270844168
85239948729
85239948736
85239929513
24000051992
37323114411
41318010473
24000051985
41318011043
41318010060
41318010343
24000522539
47200137501
41000376368
41000328701
41000328527
41000437298
41000332289
41000346682
41000437267
41000377242
41000328169
41000377228
41000346491
21130082797
71117180329
21130046966
41000531484
41000530043
41000531910
41000530876
41000531729
41000531491
41000270512
41000197659
41000197673
41000208256
41000208218
41000277658
41250011811
41250011835
41250011828
41318011166
41318010800
41318010770
41318010237
41318010749
37323117726
41318011050
41318010336
41318010428
37323114770
24000051978
41318010121
41318010725
41318010213
41318010688
38900020583
41318010794
41318010701
24000167105
41318010787
41318010244
41318010763
41318010695
41318010084
41318010220
37323111007
41318010756
41318010817
41318010206
41318010503
41318010732
24000132097
99482452759
99482452247
99482447847
99482421168
99482452766
99482452254
99482452704
99482447854
99482452773
99482441586
52603094801
99482452728
99482435370
28189616577
99482452735
74873163537
99482415242
41259501566
52603054881
70038348757
71771015104
76840101184
76840400218
76840462858
76840505425
75500005206
39156000459
70723552568
11126004117
99482422141
99482447915
99482453312
99482447588
99482447625
99482453350
99482422165
99482447939
99482453336
99482413682
99482454784
99482407094
99482413699
99482426644
99482410681
41318060010
41318060164
41318060225
41318060034
24000509165
16741311886
16741311770
24000577416
24000507710
24000393290
24000507994
45296191018
72058610746
41149011298
72058610777
41149011526
72058610760
73390014124
37466062174
30042910203
44989004512
44989011176
93966303292
39156000053
41331051064
39156000107
21130494224
21130490141
21130493753
39000010016
37466062167
41149120105
73210036107
21130043026
73210009774
72058608576
52159002039
72609741820
72609741813
52159002121
72609741851
99482421403
41303003121
99482455149
41303003091
99482448042
41303003046
99482455118
41303003107
33776011710
24000013938
24000012719
24000013983
24000014881
24000014416
24000015468
24000018308
24000027706
24000031710
24000031734
24000162896
24000162872
24000162902
24000162940
24000031727
24000162964
24000163008
24000162995
24000162971
24000163053
24000163077
24000163022
24000163046
24000163169
24000163121
24000163176
24000525790
24000565154
24000566694
24000566670
72609741004
72609741219
13900500518
42400069409
42400069447
42400148647
42400240778
42400113874
42400039358
42400188995
42400112761
42400084860
71117130058
47200137525
74562001003
93966002041
42400154044
42400218166
42400108153
42400036944
42400016922
42400107934
42400001072
42400055082
42400108207
42400141280
41570057599
78314216004
11110841902
43182001014
11110863058
72058603243
71592007791
70672731700
79694221121
79694223125
79694222128
77567225061
77567254214
15800030485
15800062110
15800088615
15800050124
15800030621
13900500013
15800064114
15800030119
99482414399
99482417956
99482414405
99482418342
99482417932
99482440602
36800049789
36800049772
36800043244
36800049765
70157882774
41303014219
41130380570
70157873406
70157882699
70281001195
93966002119
41318010565
41318010626
41318011210
41255432062
99482438449
99482450588
99482454494
99482414764
72368136028
72368510644
77567276377
88194340065
47600951837
22300000085
13951555161
13951555208
13951555154
78858520322
78858520957
78858020181
78858520964
41390020704
41390047602
41390024320
24182000849
41390015366
21130283910
21130354030
72320124421
41580778606
11110862563
11110873521
11110873545
11110862501
41143070208
41143070109
9300000901
9300000703
9300003056
9300003384
9300003346
9300003544
9300003841
9300003490
9300003551
9300005296
9300005319
9300005302
9300006354
9300006071
9300006507
9300005401
9300006514
9300006538
9300006521
9300006545
9300006552
9300006804
9300006811
9300006828
9300187084
46100002230
46100007389
46100007174
46100400968
46100400944
32134232248
32134232224
41900074791
41900074753
41900074746
41458117056
70909002047
93966002195
41716200124
99482450267
99482446161
73015001713
37014000344
41716200117
41716875438
88194340034
88194340096
88194340027
15900000739
77400127231
77400127132
99482418359
99482414412
99482455750
99482431785
99482414429
70157882705
99482455767
99482455705
99482442170
99482431181
99482455712
99482442187
99482431198
99482431136
25317856003
99482455729
72830033398
99482414443
41716200025
99482455736
99482455699
77400128535
73461285019
41250073390
41250073444
41303002490
71828002774
72273440647
41642001031
41642001154
41642001130
70900502034
70900501211
76808000672
76808000689
76808003055
76808005592
76808005622
76808005608
76808002386
76808005844
76808006544
24000001980
41390021657
24600010030
24600010863
24600017077
24600010412
2465035
24600017589
24600017008
24600010016
24600017565
24600010856
24600010931
24600010979
24600011853
45200071603
45200071207
48001154049
48001600720
48001711990
48001432062
41000014642
41000014888
41000014857
41000003240
41000004902
41000003011
4140807
4136202
4141408
48001711211
48001218062
48001218086
39073075028
39073040781
44529055028
44529154660
39073041740
39073075011
31142000313
72999258038
72999199034
72999249036
41449301976
48001600577
48001218079
48001263185
41000003325
48001432055
72999483034
72999441034
72999440037
72999262035
72999453037
72999263032
72999442031
72999805034
41789001444
72368510569
72368510545
41449601212
41449300221
41449302706
41449403366
41449403106
41449400884
41449301082
41449301709
41449001869
18400312555
18400312517
18400314337
18400312944
18400312562
18400313712
18400314375
4783539
44800750109
44800750055
44800001416
30042727023
49200902769
35457770664
30042501104
99482446147
78314112351
99482429911
99482429928
99482450281
41390013102
74807121633
89947302200
11110863065
26700160202
26700129032
26700129155
72400000256
70672711504
70672731502
70450042318
10300333241
70890502007
70890512006
99482441760
11110869654
99482421243
99482439484
99482441814
99482451363
99482434373
99482450274
99482435653
99482435691
99482421236
99482450298
41642000034
44082434018
79893336800
21130336722
79893409528
79893336817
21130337484
79893336824
21130336746
21130337491
21130285372
21130337453
79893601854
77661111567
21130336913
21130371600
21130494651
21130336715
79893404288
41303010587
21130371617
36800049734
99482455804
72180631879
39000008211
39000018128
39000008105
41501008249
39000018920
39000008907
39000008914
41501083222
41501083208
41501083215
39000015677
72392325948
41387512601
70970471254
70970473562
71117190076
41000051524
41000487309
41000214042
77567003935
41000054136
75856139013
75856074055
75856001709
75856001303
75856011135
75856012217
75856078701
75856011203
75856024098
75856001105
75856024159
75856031140
77567018083
41000053153
26396908300
72840614204
11110917027
41387531107
49200901069
47800341094
70459005536
73321034016
73321000189
41322356475
41322311412
24000551140
11110372666
11110375902
18195700001
18195701008
18195702005
11110912466
11110372697
18195703002
18195704009
17869708404
93966000566
41143071700
41449700267
17869708367
46100341186
72030021645
46100009215
46100007815
46100007716
59635001951
77567283207
77567061539
75856061055
75856061017
77567283238
77567254429
77567254382
77567250049
77567556189
77567226006
77567394897
77567254245
77567254238
77567383938
77567224828
77567555496
77567327710
77567254344
77567275066
77567327352
77567274731
77567254252
77567254269
77567227003
77567274762
77567395177
77567281968
77567281920
77567281906
77567275059
77567349804
77567205186
77567265302
77567141699
72030021553
24300044458
38900090814
24000132110
24000167136
15100000300
15100003271
15100002557
15100000133
15100002564
15100800146
41129010150
41129020449
15100001635
15100001680
15100000416
41129840535
15100000072
41129020364
15100263026
15100001673
15100000119
15100001895
15100000393
15100000713
15100001628
15100000652
15100000423
33400721145
33400721169
33400721121
15100000287
15100000737
15100000294
41129020609
33400612801
33400612832
71730007157
71300050040
41129020678
71730007201
71730007164
71300040089
33400070113
33400721107
71300042342
71300050002
71300050019
24000167273
11110856531
24000132073
17400140328
17400100391
17400100780
17400100766
17400100773
89947302170
70796801259
37014242379
37014242232
37014242317
37014242287
37014242256
37014242478
21130983353
21130983476
99482424114
30684790232
71720539446
41000051678
48001432079
71720305089
41186000415
71720532935
14200338696
14200328567
79893110493
83791070179
21130062621
39606001227
70129291702
79893110486
40822011242
71725713292
21130068050
21130068074
21130068081
70200010666
70200581180
76306611004
71146002463
75278951606
11110859686
71117193039
78929335886
71117193053
76840100125
71117144260
11110852878
34500151955
11110455901
34500151290
1870533
21130496105
21130496006
73562004007
21130496013
41390041006
41390042201
41390042003
21130496129
41303037089
21130496297
21130496235
79893404271
41390042027
21130496242
99482419004
99482443641
99482438463
99482443443
41570109090
99482447519
99482418991
99482418984
93966001600
41449050003
70551787040
9300008013
89575705558
70551700537
93966000528
93966002287
93966113105
93966004380
93966253702
93966000115
93966213102
93966211016
93966005622
93966000887
93966000894
93966005639
24000017950
24000021407
85693101005
24094070077
78354719046
72180630742
72180632449
72180632470
13971040005
22655724094
22655723981
13971040012
74690240664
74690240862
74690240282
74690230030
74690240312
74690240152
74690240572
74690230290
74690072234
74690038292
74690071978
74690201320
74690060750
74690055398
74690094830
74690201290
74690240022
74690201160
74690201450
74690060910
74690201030
74690093734
37466083315
37466016436
44400152709
44400184007
44400139304
44400186001
75900005448
44400152501
44400164009
25317007214
44400153607
44400153300
44400125208
75365060259
84253246255
11110503343
11110912398
41387116274
99482418007
49800632011
49800155510
49800592001
49800155541
49800155534
16264006023
72400007262
99482448257
71505013352
11110913456
41789007668
41789002311
41789002328
41789001215
16264006009
99482439170
38900004699
79694225129
24000167006
24000058168
38900041700
24000010227
37323139094
21130494729
51943534022
79893600710
21130294206
21130292974
21130308804
21130293025
79893114248
21130294237
24126017001
71314002356
71314105064
71314018807
71314001878
71314001854
71314005234
71314000482
71314103282
70411033485
72830440059
72273384897
72830441339
72830440028
72273427303
72273475076
37600215831
72273393134
71117180312
71117180367
72273487253
47800330111
73570130002
73570130033
72392351138
72392624898
41303004678
41303020203
17869804397
44989007049
75501960382
31142001839
49200040409
71314038737
71314103008
71314003315
71314001212
71314102216
71314069441
71314059114
71314002615
71314007146
71314002578
71314007245
71314103367
71314048873
71314045285
71314033787
71314028783
71314047999
71314047128
71314028721
71314069274
71314002240
71315008913
71314007207
71314059121
71314042758
71314074575
71314038768
71314007160
71314046206
71314069168
71314069199
71314007153
71314074582
64777813584
21724603001
21724603063
71314074599
44400108003
27815001657
44800001072
49200007228
49200902943
70200530140
98304100502
15400125321
49022685338
72058606923
11110868466
99482419912
11110873255
70475400629
99482431013
98304100250
49022836297
11110857132
15839008233
11110857378
99482431037
15839008257
15839022192
99482454425
15839007953
93966001754
11110886446
17869708428
73711388996
15839008219
15839022208
99482419875
75669109913
73472002629
23896577005
81363004348
41716150108
39156000299
39156002750
14500015723
14500015716
14500020994
44400154604
41143192504
11110868817
13971030006
85239721261
77661111413
13971021011
41580860004
11110914699
71022267108
11110837943
64777813034
41460398832
5253515
52100034874
52100021270
41234713113
21500010436
71429011830
52100090061
52100033655
21500012614
71429085206
21500011396
21500011365
41234809113
70328160182
41234734125
71429012202
52100028231
52100091006
52100634753
71429099432
71429011809
52100344027
52100168609
52100326252
71429012257
52100371603
52100033662
52100005621
71429095977
71429026223
71429012677
71429091771
52100098005
21500202053
21500012553
52100017761
41234807119
21500225007
52100063850
41234011325
41234011318
21500010382
52100025704
21500012591
71429014404
52100022635
71429026445
52100370064
71429024847
52100028255
52100323589
71429011151
71429022553
52100071374
71429012288
71429097551
52100015910
21500010344
52100034881
71429026681
58500000648
71429024755
52100021102
52100071466
52100015521
71429095236
52100031064
71429012042
52100018973
71429086036
71429091955
52100090405
52100071435
21500010429
52100030647
71429010772
71429012691
41234719115
52100010816
52100031095
21500011389
71429091016
70328820536
21500206006
71429099500
52100634746
71429010116
71429012707
52100889511
71429027503
52100010793
71429024342
71429010765
52100063300
52100382456
52100026022
52100302416
71429012226
52100028248
71429098404
52100323671
21500010368
71429099838
52100018188
71429012233
41234011332
52100020419
71429002517
71429012189
21500047036
52100155302
52100021867
41234416113
52100021096
71429012431
52100900001
41234701110
52100157337
71429099876
71429002111
21500010580
52100735689
41234011356
52100027739
71429099852
70560876773
70560922456
70560979115
70560977999
70560979160
70560978118
70560838719
41331026031
41331124669
41331029001
41331037825
41331038371
45431070109
70560978064
70560979061
44400173001
85239500705
51943334035
51943534046
72457440883
72457980990
14500011299
14500004383
14500012821
40822011143
11110844149
39217051642
52100015743
70640007929
31200037183
70640010318
70640006632
70640004607
70640043101
31200006783
70640002948
32601033132
70640004645
31200024657
70640010226
70640014248
70640010134
31200023827
31200024640
25293002807
70640009756
70640325917
31200037213
70640013098
70640450602